but: 0.029448
shared: 0.049338
a: 0.045221
data: 0.076187
carefully: 0.029448
more: 0.034598
scientist: 0.046779
again: 0.037379
wrote: 0.041947
analyzed: 0.054479
it: 0.032720
team: 0.046779
the: 0.175114
with: 0.046790
requested: 0.029448
detailed: 0.048005
and: 0.046790
report: 0.087584
so: 0.041947
